1,1,120.9,333.48,136.73999999999998,53.639999999999986,1,1,1.0
1,2,733.08,266.16,67.30999999999995,39.96999999999997,1,1,1.0
1,3,207.15,248.28,97.82000000000002,43.119999999999976,1,1,1.0
2,1,98.81,339.79,136.74,53.639999999999986,1,1,1.0
2,2,721.5,267.21,68.39999999999998,39.97000000000003,1,1,1.0
2,3,207.17,248.34,97.82000000000002,43.119999999999976,1,1,1.0
3,1,70.41,340.84,144.09,55.76000000000005,1,1,1.0
3,2,705.73,269.32,74.66999999999996,39.97000000000003,1,1,1.0
3,3,207.18,248.4,97.82,43.12999999999997,1,1,1.0
4,1,45.17,344.0,144.08999999999997,60.0,1,1,1.0
4,2,694.16,270.37,74.67000000000007,39.96999999999997,1,1,1.0
4,3,207.2,248.46,97.82,43.12999999999997,1,1,1.0
5,1,24.13,349.26,144.09,60.0,1,1,1.0
5,2,679.43,272.47,74.67000000000007,39.96999999999997,1,1,1.0
5,3,207.21,248.52,97.81999999999996,43.12999999999997,1,1,1.0
6,1,0.0,354.51,144.03,60.00999999999999,1,1,1.0
6,2,663.65,275.63,74.68000000000006,39.97000000000003,1,1,1.0
6,3,207.23,248.58,97.82000000000002,43.12999999999997,1,1,1.0
7,1,0.0,357.67,123.01,60.0,1,1,1.0
7,2,653.13,278.78,74.67999999999995,39.97000000000003,1,1,1.0
7,3,207.24,248.64,97.82,43.129999999999995,1,1,1.0
8,1,0.0,360.83,102.0,60.0,1,1,1.0
8,2,637.36,279.83,74.66999999999996,39.97000000000003,1,1,1.0
8,3,207.26,248.7,97.82,43.129999999999995,1,1,1.0
9,1,0.0,360.83,76.8,60.0,1,1,1.0
9,2,623.68,282.99,75.72000000000003,39.96999999999997,1,1,1.0
9,3,207.27,248.76,97.81999999999996,43.129999999999995,1,1,1.0
10,1,0.0,360.83,52.6,60.0,1,1,1.0
10,2,604.75,281.94,79.95000000000005,41.06,1,1,1.0
10,3,207.29,248.82,97.82000000000002,43.129999999999995,1,1,1.0
11,1,0.0,365.03,30.5,60.01000000000005,1,1,1.0
11,2,594.23,287.2,79.94999999999993,41.06,1,1,1.0
11,3,207.3,248.88,97.82,43.129999999999995,1,1,1.0
12,2,575.3,286.14,84.20000000000005,42.160000000000025,1,1,1.0
12,3,207.32,248.94,97.82,43.129999999999995,1,1,1.0
13,2,560.57,290.35,84.19999999999993,42.15999999999997,1,1,1.0
13,3,207.33,249.0,97.81999999999996,43.129999999999995,1,1,1.0
14,2,543.74,288.25,86.25999999999999,47.389999999999986,1,1,1.0
14,3,207.35,249.06,97.82000000000002,43.129999999999995,1,1,1.0
15,2,529.02,293.51,86.25,47.389999999999986,1,1,1.0
15,3,207.36,249.12,97.82,43.129999999999995,1,1,1.0
16,2,511.14,295.61,89.46000000000004,48.49000000000001,1,1,1.0
16,3,207.38,249.18,97.82,43.129999999999995,1,1,1.0
17,2,489.05,297.71,97.84999999999997,48.5,1,1,1.0
17,3,207.39,249.24,97.82,43.129999999999995,1,1,1.0
18,2,471.17,300.87,97.84999999999997,48.49000000000001,1,1,1.0
18,3,207.41,249.3,97.82000000000002,43.129999999999995,1,1,1.0
19,2,455.39,302.97,97.85000000000002,48.5,1,1,1.0
19,3,207.42,249.36,97.82000000000002,43.129999999999995,1,1,1.0
20,2,438.56,306.13,97.84999999999997,48.49000000000001,1,1,1.0
20,3,207.44,249.42,97.82,43.130000000000024,1,1,1.0
21,2,424.89,309.29,97.85000000000002,48.48999999999995,1,1,1.0
21,3,207.45,249.48,97.82,43.130000000000024,1,1,1.0
22,2,401.75,311.39,106.25,50.610000000000014,1,1,1.0
22,3,207.47,249.54,97.82000000000002,43.130000000000024,1,1,1.0
23,2,387.02,314.54,106.25,50.620000000000005,1,1,1.0
23,3,207.48,249.6,97.82000000000002,43.130000000000024,1,1,1.0
24,2,365.98,317.7,106.25999999999999,50.610000000000014,1,1,1.0
24,3,207.5,249.66,97.82,43.130000000000024,1,1,1.0
25,2,350.2,322.96,106.25999999999999,50.610000000000014,1,1,1.0
25,3,207.51,249.72,97.82,43.130000000000024,1,1,1.0
26,2,329.17,327.2,109.43,51.629999999999995,1,1,1.0
26,3,207.53,249.78,97.82000000000002,43.130000000000024,1,1,1.0
27,2,307.08,326.15,115.72000000000003,57.950000000000045,1,1,1.0
27,3,207.54,249.84,97.82000000000002,43.130000000000024,1,1,1.0
28,2,289.2,331.41,115.72000000000003,57.94999999999999,1,1,1.0
28,3,207.56,249.9,97.82,43.12999999999997,1,1,1.0
29,2,267.11,334.56,115.71999999999997,57.95999999999998,1,1,1.0
29,3,207.57,249.96,97.82,43.12999999999997,1,1,1.0
30,2,240.81,338.77,124.13999999999999,60.03000000000003,1,1,1.0
30,3,207.59,250.02,97.82000000000002,43.12999999999997,1,1,1.0
31,2,220.83,341.93,124.12999999999997,60.02999999999997,1,1,1.0
31,3,207.6,250.08,97.82000000000002,43.12999999999997,1,1,1.0
32,2,205.05,345.08,124.13999999999999,60.03000000000003,1,1,1.0
32,3,207.62,250.14,97.82,43.129999999999995,1,1,1.0
33,2,176.65,349.29,131.45000000000002,60.02999999999997,1,1,1.0
33,3,207.63,250.2,97.82,43.129999999999995,1,1,1.0
34,2,149.3,353.5,139.89999999999998,65.30000000000001,1,1,1.0
34,3,207.65,250.26,97.82000000000002,43.129999999999995,1,1,1.0
35,2,127.21,356.65,139.90000000000003,65.31,1,1,1.0
35,3,207.66,250.32,97.82000000000002,43.129999999999995,1,1,1.0
36,2,100.92,361.91,146.18,65.38999999999999,1,1,1.0
36,3,207.68,250.38,97.82,43.129999999999995,1,1,1.0
37,2,75.67,367.17,146.18,65.38999999999999,1,1,1.0
37,3,207.69,250.44,97.82,43.129999999999995,1,1,1.0
38,2,46.22,368.2,146.18,68.57,1,1,1.0
38,3,207.71,250.5,97.81999999999996,43.129999999999995,1,1,1.0
39,2,18.87,373.46,152.53,70.64000000000004,1,1,1.0
39,3,207.72,250.56,97.82000000000002,43.129999999999995,1,1,1.0
40,2,0.0,379.77,150.36,70.64000000000004,1,1,1.0
40,3,207.74,250.62,97.82,43.129999999999995,1,1,1.0
41,2,0.0,385.03,126.17,70.64000000000004,1,1,1.0
41,3,207.75,250.68,97.82,43.129999999999995,1,1,1.0
42,2,0.0,387.1,104.08,76.98999999999995,1,1,1.0
42,3,207.77,250.74,97.81999999999996,43.129999999999995,1,1,1.0
43,2,0.0,390.29,75.68,69.58999999999997,1,1,1.0
43,3,207.78,250.8,97.82000000000002,43.129999999999995,1,1,1.0
44,3,207.8,250.86,97.82,43.129999999999995,1,1,1.0
45,3,207.81,250.92,97.82,43.130000000000024,1,1,1.0
46,3,207.83,250.98,97.81999999999996,43.130000000000024,1,1,1.0
47,3,207.84,251.04,97.82000000000002,43.130000000000024,1,1,1.0
48,3,207.86,251.1,97.82,43.130000000000024,1,1,1.0
49,3,207.87,251.16,97.82,43.130000000000024,1,1,1.0
50,3,207.89,251.22,97.82,43.130000000000024,1,1,1.0
51,3,207.9,251.28,97.82000000000002,43.130000000000024,1,1,1.0
52,3,207.92,251.34,97.82000000000002,43.130000000000024,1,1,1.0
53,3,207.93,251.4,97.82,43.12999999999997,1,1,1.0
54,3,207.95,251.46,97.82,43.12999999999997,1,1,1.0
55,3,207.96,251.52,97.81999999999996,43.12999999999997,1,1,1.0
56,3,207.98,251.58,97.82000000000002,43.12999999999997,1,1,1.0
57,3,207.99,251.64,97.82,43.129999999999995,1,1,1.0
58,3,208.01,251.7,97.82,43.129999999999995,1,1,1.0
58,4,918.27,226.4,41.379999999999995,64.48999999999998,1,1,1.0
59,3,208.02,251.77,97.81999999999996,43.119999999999976,1,1,1.0
59,4,912.2,226.4,47.44999999999993,64.48999999999998,1,1,1.0
60,3,208.04,251.83,97.82000000000002,43.119999999999976,1,1,1.0
60,4,903.7,226.4,55.94999999999993,64.48999999999998,1,1,1.0
61,3,208.05,251.89,97.82,43.120000000000005,1,1,1.0
61,4,897.6,226.4,62.049999999999955,64.48999999999998,1,1,1.0
62,3,208.07,251.95,97.82,43.120000000000005,1,1,1.0
62,4,895.2,226.4,64.44999999999993,64.48999999999998,1,1,1.0
63,3,208.08,252.01,97.81999999999996,43.120000000000005,1,1,1.0
63,4,895.2,226.4,64.44999999999993,70.6,1,1,1.0
64,3,208.1,252.07,97.82000000000002,43.120000000000005,1,1,1.0
64,4,886.7,226.4,72.94999999999993,70.6,1,1,1.0
65,3,208.11,252.13,97.82,43.120000000000005,1,1,1.0
65,4,879.4,226.4,80.25,76.70000000000002,1,1,1.0
66,3,208.13,252.19,97.82,43.120000000000005,1,1,1.0
66,4,870.9,226.4,88.75,76.70000000000002,1,1,1.0
67,3,208.14,252.25,97.82,43.120000000000005,1,1,1.0
67,4,861.2,226.4,98.44999999999993,82.79999999999998,1,1,1.0
68,3,208.16,252.31,97.82000000000002,43.120000000000005,1,1,1.0
68,4,855.1,226.4,104.54999999999995,82.79999999999998,1,1,1.0
69,3,208.17,252.37,97.82000000000002,43.120000000000005,1,1,1.0
69,4,846.6,226.4,113.04999999999995,82.79999999999998,1,1,1.0
70,3,208.19,252.43,97.82,43.120000000000005,1,1,1.0
70,4,840.5,226.4,119.14999999999998,82.79999999999998,1,1,1.0
71,3,208.2,252.49,97.82,43.120000000000005,1,1,1.0
71,4,840.5,226.4,119.14999999999998,86.49999999999997,1,1,1.0
72,3,208.22,252.55,97.82000000000002,43.120000000000005,1,1,1.0
72,4,833.2,226.4,126.44999999999993,86.49999999999997,1,1,1.0
73,3,208.23,252.61,97.82000000000002,43.120000000000005,1,1,1.0
73,4,823.5,226.4,136.14999999999998,86.49999999999997,1,1,1.0
74,3,208.25,252.67,97.82,43.12000000000003,1,1,1.0
74,4,816.2,226.4,143.44999999999993,86.49999999999997,1,1,1.0
75,3,208.26,252.73,97.82,43.12000000000003,1,1,1.0
75,4,811.3,228.83,148.35000000000002,91.4,1,1,1.0
76,3,208.28,252.79,97.82000000000002,43.12000000000003,1,1,1.0
76,4,801.6,228.83,158.04999999999995,91.4,1,1,1.0
77,3,208.29,252.85,97.82000000000002,43.12000000000003,1,1,1.0
77,4,793.1,232.5,166.53999999999996,86.51999999999998,1,1,1.0
78,3,208.31,252.91,97.82,43.119999999999976,1,1,1.0
78,4,793.1,233.7,166.53999999999996,91.40000000000003,1,1,1.0
79,3,208.32,252.97,97.82,43.119999999999976,1,1,1.0
79,4,778.5,233.7,181.14,91.40000000000003,1,1,1.0
80,3,208.34,253.03,97.82000000000002,43.119999999999976,1,1,1.0
80,4,772.4,234.92,176.30000000000007,96.38000000000002,1,1,1.0
81,3,208.35,253.09,97.82000000000002,43.119999999999976,1,1,1.0
81,4,766.6,234.92,177.23000000000002,95.38000000000002,1,1,1.0
82,3,208.37,253.15,97.82,43.119999999999976,1,1,1.0
82,4,755.38,237.35,182.32000000000005,95.04999999999998,1,1,1.0
83,3,208.37,253.15,97.76999999999998,43.16,1,1,1.0
83,4,745.64,239.79,182.32000000000005,95.03999999999999,1,1,1.0
84,3,208.37,253.15,97.70999999999998,43.20000000000002,1,1,1.0
84,4,735.9,242.22,187.20000000000005,95.04999999999998,1,1,1.0
85,3,208.37,253.15,97.65999999999997,43.22999999999999,1,1,1.0
85,4,723.73,243.44,195.66999999999996,95.04000000000002,1,1,1.0
86,3,208.37,253.15,97.61000000000001,43.27000000000001,1,1,1.0
86,4,712.78,239.8,204.22000000000003,102.33999999999997,1,1,1.0
87,3,208.37,253.15,97.55000000000001,43.309999999999974,1,1,1.0
87,4,706.7,242.23,204.2199999999999,102.34,1,1,1.0
87,5,683.38,261.68,46.25,31.649999999999977,1,1,1.0
88,3,208.37,253.15,97.5,43.349999999999994,1,1,1.0
88,4,703.08,242.23,198.0999999999999,102.34,1,1,1.0
88,5,674.86,261.68,46.25,31.649999999999977,1,1,1.0
89,3,208.37,253.15,97.44999999999999,43.37999999999997,1,1,1.0
89,4,695.78,243.45,198.10000000000002,102.34000000000003,1,1,1.0
89,5,666.34,262.9,46.25,31.640000000000043,1,1,1.0
90,3,208.37,253.15,97.38999999999999,43.41999999999999,1,1,1.0
90,4,684.83,245.88,198.08999999999992,102.34000000000003,1,1,1.0
90,5,651.74,264.12,46.25,31.639999999999986,1,1,1.0
91,3,208.37,253.15,97.33999999999997,43.46000000000001,1,1,1.0
91,4,675.09,243.5,204.20999999999992,107.14999999999998,1,1,1.0
91,5,643.22,266.55,46.25,31.649999999999977,1,1,1.0
92,3,208.37,253.15,97.29000000000002,43.49999999999997,1,1,1.0
92,4,662.92,247.15,212.68000000000006,107.16,1,1,1.0
92,5,631.05,265.34,46.25,31.640000000000043,1,1,1.0
93,3,208.37,253.15,97.23000000000002,43.53,1,1,1.0
93,4,655.62,248.37,212.67999999999995,107.14999999999998,1,1,1.0
93,5,618.9,264.1,58.39999999999998,34.099999999999966,1,1,1.0
94,3,208.37,253.15,97.18,43.57000000000002,1,1,1.0
94,4,638.58,250.8,218.7199999999999,107.15999999999997,1,1,1.0
94,5,605.79,265.5,72.00999999999999,34.10000000000002,1,1,1.0
95,3,208.37,253.15,97.13,43.609999999999985,1,1,1.0
95,4,632.59,250.05,218.7199999999999,107.15999999999997,1,1,1.0
95,5,593.15,265.97,72.00999999999999,34.099999999999966,1,1,1.0
96,3,208.37,253.15,97.07,43.640000000000015,1,1,1.0
96,4,611.81,249.6,234.49,118.09,1,1,1.0
96,5,579.58,265.97,72.00999999999999,34.099999999999966,1,1,1.0
97,3,208.37,253.15,97.01999999999998,43.67999999999998,1,1,1.0
97,4,604.5,250.82,230.82000000000005,115.68,1,1,1.0
97,5,565.07,268.31,72.0,34.10000000000002,1,1,1.0
98,3,208.37,253.15,96.96999999999997,43.72,1,1,1.0
98,4,593.55,253.25,230.81000000000006,118.14999999999998,1,1,1.0
98,5,554.3,267.85,72.00999999999999,34.089999999999975,1,1,1.0
99,3,208.37,253.15,96.90999999999997,43.76000000000002,1,1,1.0
99,4,582.6,256.9,230.80999999999995,118.15000000000003,1,1,1.0
99,5,541.19,269.25,72.00999999999999,34.10000000000002,1,1,1.0
100,3,208.37,253.15,96.86000000000001,43.78999999999999,1,1,1.0
100,4,575.3,255.68,230.81000000000006,118.14999999999998,1,1,1.0
100,5,528.09,269.72,72.0,34.089999999999975,1,1,1.0
101,3,208.37,253.15,96.81,43.83000000000001,1,1,1.0
101,4,555.17,251.9,247.63,127.08000000000001,1,1,1.0
101,5,513.11,269.72,72.0,34.089999999999975,1,1,1.0
102,3,208.37,253.15,96.75,43.869999999999976,1,1,1.0
102,4,543.0,253.55,251.60000000000002,130.57999999999998,1,1,1.0
102,5,498.13,270.42,85.83000000000004,34.099999999999966,1,1,1.0
103,3,208.37,253.15,96.69999999999999,43.91,1,1,1.0
103,4,530.83,255.2,255.56999999999994,134.07999999999998,1,1,1.0
103,5,483.15,271.12,99.64999999999998,34.10000000000002,1,1,1.0
104,3,208.37,253.15,96.63999999999999,43.93999999999997,1,1,1.0
104,4,514.53,262.3,263.07000000000005,132.62,1,1,1.0
104,5,471.87,270.5,99.64999999999998,34.089999999999975,1,1,1.0
105,3,208.37,253.15,96.58999999999997,43.97999999999999,1,1,1.0
105,4,505.13,263.1,263.07000000000005,131.82,1,1,1.0
105,5,454.32,273.0,99.65000000000003,34.10000000000002,1,1,1.0
106,3,208.37,253.15,96.54000000000002,44.02000000000001,1,1,1.0
106,4,490.09,263.5,268.71,133.3,1,1,1.0
106,5,441.79,271.75,99.65000000000003,34.089999999999975,1,1,1.0
107,3,208.37,253.15,96.48000000000002,44.04999999999998,1,1,1.0
107,4,474.42,265.1,274.97999999999996,139.79999999999995,1,1,1.0
107,5,429.25,273.63,99.65999999999997,34.09000000000003,1,1,1.0
108,3,208.37,253.15,96.43,44.09,1,1,1.0
108,4,461.26,267.6,281.24,139.81,1,1,1.0
108,5,416.09,276.13,99.66000000000003,34.10000000000002,1,1,1.0
108,6,656.64,254.15,79.38,22.99999999999997,1,1,1.0
109,3,208.37,253.15,96.38,44.12999999999997,1,1,1.0
109,4,441.49,274.2,287.48,140.32999999999998,1,1,1.0
109,5,401.05,276.13,99.65999999999997,34.10000000000002,1,1,1.0
109,6,645.51,254.89,79.38,23.0,1,1,1.0
110,3,208.37,253.15,96.32,44.16999999999999,1,1,1.0
110,4,421.78,275.1,301.9200000000001,144.83999999999997,1,1,1.0
110,5,388.52,276.13,99.65000000000003,34.10000000000002,1,1,1.0
110,6,626.96,254.89,79.38,23.0,1,1,1.0
110,7,924.51,211.49,35.49000000000001,57.599999999999966,1,1,1.0
111,3,208.37,253.15,96.26999999999998,44.20000000000002,1,1,1.0
111,4,410.5,275.4,301.91999999999996,146.42000000000002,1,1,1.0
111,5,374.11,275.51,99.64999999999998,34.09000000000003,1,1,1.0
111,6,615.09,256.38,79.38,23.0,1,1,1.0
111,7,918.75,211.9,40.17999999999995,57.900000000000006,1,1,1.0
112,3,208.37,253.15,96.21999999999997,44.23999999999998,1,1,1.0
112,4,395.5,277.0,305.01,151.7,1,1,1.0
112,5,359.69,278.01,103.41000000000003,34.10000000000002,1,1,1.0
112,6,603.96,257.86,79.38,23.0,1,1,1.0
112,7,913.0,212.31,44.85000000000002,58.19,1,1,1.0
113,3,208.37,253.15,96.15999999999997,44.28,1,1,1.0
113,4,374.82,278.2,313.15000000000003,152.38,1,1,1.0
113,5,345.28,278.64,103.41000000000003,34.10000000000002,1,1,1.0
113,6,583.2,258.6,89.01999999999998,23.0,1,1,1.0
113,7,907.25,212.73,49.52999999999997,58.47,1,1,1.0
114,3,208.37,253.15,96.11000000000001,44.309999999999974,1,1,1.0
114,4,357.9,281.7,321.9,154.52000000000004,1,1,1.0
114,5,330.24,279.27,103.40999999999997,34.09000000000003,1,1,1.0
114,6,560.2,258.6,105.29999999999995,28.19999999999999,1,1,1.0
114,7,901.5,213.14,54.210000000000036,58.77000000000004,1,1,1.0
115,3,208.37,253.15,96.06,44.349999999999994,1,1,1.0
115,4,336.59,280.2,331.34,162.91000000000003,1,1,1.0
115,5,313.32,278.64,110.88,34.10000000000002,1,1,1.0
115,6,547.59,258.6,105.29999999999995,28.19999999999999,1,1,1.0
115,7,895.74,213.55,58.89999999999998,59.06,1,1,1.0
116,3,208.37,253.15,96.0,44.390000000000015,1,1,1.0
116,4,317.17,284.5,337.62999999999994,163.0,1,1,1.0
116,5,297.7,279.89,110.82999999999998,37.210000000000036,1,1,1.0
116,6,534.98,258.6,105.29999999999995,28.19999999999999,1,1,1.0
116,7,889.99,213.97,63.569999999999936,59.349999999999994,1,1,1.0
117,3,208.37,253.15,95.94999999999999,44.42999999999998,1,1,1.0
117,4,301.9,283.2,341.4200000000001,170.40000000000003,1,1,1.0
117,5,285.17,281.77,110.82999999999998,37.210000000000036,1,1,1.0
117,6,521.62,260.83,105.29999999999995,28.19999999999999,1,1,1.0
117,7,884.24,214.38,68.25,59.639999999999986,1,1,1.0
118,3,208.37,253.15,95.89999999999998,44.46000000000001,1,1,1.0
118,4,277.41,287.6,353.29,172.67999999999995,1,1,1.0
118,5,270.13,282.4,110.82999999999998,37.210000000000036,1,1,1.0
118,6,503.07,261.6,105.30000000000001,32.620000000000005,1,1,1.0
118,7,878.49,214.8,72.92999999999995,59.93000000000001,1,1,1.0
119,3,208.37,253.15,95.83999999999997,44.49999999999997,1,1,1.0
119,4,261.83,290.54,357.05,174.89999999999998,1,1,1.0
119,5,253.8,282.4,110.83999999999997,37.210000000000036,1,1,1.0
119,6,494.9,261.6,105.30000000000007,33.39999999999998,1,1,1.0
119,7,872.74,215.21,77.61000000000001,60.22,1,1,1.0
120,3,208.37,253.15,95.79000000000002,44.53999999999999,1,1,1.0
120,4,241.8,296.48,370.44,174.89999999999998,1,1,1.0
120,5,237.48,284.63,110.84,37.19999999999999,1,1,1.0
120,6,482.29,263.83,105.30000000000001,33.400000000000034,1,1,1.0
120,7,866.98,215.62,82.28999999999996,60.51999999999998,1,1,1.0
121,3,208.37,253.15,95.74000000000001,44.58000000000001,1,1,1.0
121,4,217.32,297.96,380.08,174.90000000000003,1,1,1.0
121,5,225.61,287.59,110.83999999999997,37.210000000000036,1,1,1.0
121,6,465.97,265.31,105.29999999999995,33.39999999999998,1,1,1.0
121,7,861.23,216.04,86.97000000000003,60.79999999999998,1,1,1.0
122,3,208.37,253.15,95.68,44.609999999999985,1,1,1.0
122,4,195.8,291.31,389.73999999999995,188.96999999999997,1,1,1.0
122,5,204.1,290.56,110.83000000000001,37.20999999999998,1,1,1.0
122,6,452.61,265.31,105.29999999999995,33.39999999999998,1,1,1.0
122,7,856.9,216.45,86.56000000000006,61.10000000000002,1,1,1.0
123,3,208.37,253.15,95.63,44.650000000000006,1,1,1.0
123,4,164.64,298.7,409.06000000000006,193.45,1,1,1.0
123,5,187.78,288.34,117.52000000000001,37.200000000000045,1,1,1.0
123,6,432.58,266.1,116.42000000000002,38.549999999999955,1,1,1.0
123,7,852.56,216.86,86.15000000000009,61.389999999999986,1,1,1.0
124,3,208.37,253.15,95.63,44.650000000000006,1,1,1.0
124,4,138.84,300.54,419.93999999999994,198.97999999999996,1,1,1.0
124,5,169.71,289.78,118.42999999999998,38.02000000000004,1,1,1.0
124,6,417.5,266.82,117.24000000000001,39.54000000000002,1,1,1.0
124,7,848.23,217.28,85.74000000000001,61.66999999999999,1,1,1.0
125,3,208.37,253.15,95.63,44.650000000000006,1,1,1.0
125,4,113.04,302.38,430.82,204.51,1,1,1.0
125,5,151.64,291.22,119.35000000000002,38.839999999999975,1,1,1.0
125,6,402.42,267.54,118.05000000000001,40.539999999999964,1,1,1.0
125,7,843.9,217.69,85.32000000000005,61.97000000000003,1,1,1.0
126,3,208.37,253.15,95.63,44.650000000000006,1,1,1.0
126,4,87.24,304.22,441.70000000000005,210.02999999999997,1,1,1.0
126,5,133.57,292.66,120.26000000000002,39.64999999999998,1,1,1.0
126,6,387.34,268.25,118.87,41.54000000000002,1,1,1.0
126,7,839.57,218.11,84.90999999999997,62.25,1,1,1.0
127,3,208.37,253.15,95.63,44.650000000000006,1,1,1.0
127,4,61.44,306.06,452.58,215.56,1,1,1.0
127,5,115.51,294.1,121.17,40.46999999999997,1,1,1.0
127,6,372.27,268.97,119.68,42.539999999999964,1,1,1.0
127,7,835.23,218.52,84.5,62.54999999999998,1,1,1.0
128,3,208.37,253.15,95.63,44.650000000000006,1,1,1.0
128,4,35.64,307.9,463.46000000000004,221.09000000000003,1,1,1.0
128,5,97.44,295.55,122.08000000000001,41.27999999999997,1,1,1.0
128,6,357.19,269.69,120.49000000000001,43.53000000000003,1,1,1.0
128,7,830.9,218.93,84.09000000000003,62.839999999999975,1,1,1.0
129,3,208.37,253.15,95.63,44.650000000000006,1,1,1.0
129,4,7.66,315.3,478.73999999999995,221.84999999999997,1,1,1.0
129,5,79.37,296.99,123.0,42.099999999999966,1,1,1.0
129,6,342.11,270.41,121.31,44.52999999999997,1,1,1.0
129,7,823.49,219.35,86.75,63.130000000000024,1,1,1.0
130,3,208.37,253.15,95.63,44.650000000000006,1,1,1.0
130,4,5.74,317.75,464.19,220.11,1,1,1.0
130,5,61.3,298.43,123.91000000000001,42.90999999999997,1,1,1.0
130,6,327.03,271.13,122.12,45.51999999999998,1,1,1.0
130,7,816.08,219.76,89.41999999999996,63.420000000000016,1,1,1.0
131,3,208.37,253.15,95.63,44.650000000000006,1,1,1.0
131,4,3.83,320.2,449.63,218.37000000000006,1,1,1.0
131,5,43.24,299.87,124.82,43.73000000000002,1,1,1.0
131,6,311.95,271.85,122.94,46.51999999999998,1,1,1.0
131,7,808.68,220.18,92.07000000000005,63.70999999999998,1,1,1.0
132,3,208.37,253.15,95.63,44.650000000000006,1,1,1.0
132,4,1.91,322.64,435.08,216.64999999999998,1,1,1.0
132,5,25.17,301.32,125.73,44.54000000000002,1,1,1.0
132,6,296.87,272.56,123.75999999999999,47.52999999999997,1,1,1.0
132,7,801.27,220.59,94.74000000000001,63.99999999999997,1,1,1.0
133,3,208.37,253.15,95.63,44.650000000000006,1,1,1.0
133,4,0.0,325.09,420.51,214.91000000000003,1,1,1.0
133,5,7.1,302.76,126.65,45.360000000000014,1,1,1.0
133,6,281.79,273.28,124.57,48.52000000000004,1,1,1.0
133,7,793.86,221.0,97.40999999999997,64.30000000000001,1,1,1.0
134,3,208.37,253.15,95.63,44.650000000000006,1,1,1.0
134,4,0.0,324.5,411.8,215.32000000000005,1,1,1.0
134,5,0.0,304.2,116.59,46.170000000000016,1,1,1.0
134,6,266.71,274.0,125.39000000000004,49.51999999999998,1,1,1.0
134,7,786.45,221.42,100.06999999999994,64.58000000000001,1,1,1.0
135,3,208.37,253.15,95.63,44.650000000000006,1,1,1.0
135,4,0.0,327.73,391.45,212.14,1,1,1.0
135,5,0.0,304.2,99.94,46.170000000000016,1,1,1.0
135,6,251.57,274.5,126.63,51.25999999999999,1,1,1.0
135,7,780.24,221.91,100.06999999999994,64.59,1,1,1.0
136,3,208.37,253.15,95.63,44.650000000000006,1,1,1.0
136,4,0.0,330.95,371.1,208.95999999999998,1,1,1.0
136,5,0.0,304.2,83.3,46.170000000000016,1,1,1.0
136,6,236.42,274.99,127.88000000000002,53.01999999999998,1,1,1.0
136,7,774.04,222.41,100.07000000000005,64.58000000000001,1,1,1.0
137,3,208.37,253.15,95.63,44.650000000000006,1,1,1.0
137,4,0.0,334.18,350.75,205.78000000000003,1,1,1.0
137,5,0.0,304.2,66.65,46.170000000000016,1,1,1.0
137,6,221.28,275.49,129.11999999999998,54.75999999999999,1,1,1.0
137,7,767.83,222.91,100.06999999999994,64.58000000000001,1,1,1.0
138,3,208.37,253.15,95.63,44.650000000000006,1,1,1.0
138,4,0.0,337.4,330.4,202.60000000000002,1,1,1.0
138,6,206.13,275.99,130.37,56.50999999999999,1,1,1.0
138,7,761.62,223.4,100.07000000000005,64.59,1,1,1.0
138,8,706.0,497.53,137.05999999999995,41.710000000000036,1,1,1.0
139,3,208.37,253.15,95.63,44.650000000000006,1,1,1.0
139,4,0.0,340.98,307.85,199.01999999999998,1,1,1.0
139,6,188.55,277.18,131.76,56.90999999999997,1,1,1.0
139,7,753.77,223.5,101.25999999999999,65.38,1,1,1.0
139,8,715.73,492.57,135.57999999999993,46.18000000000001,1,1,1.0
140,3,208.37,253.15,95.63,44.650000000000006,1,1,1.0
140,4,0.0,344.56,285.3,195.44,1,1,1.0
140,6,170.97,278.37,133.15,57.31,1,1,1.0
140,7,745.93,223.6,102.44000000000005,66.16999999999999,1,1,1.0
140,8,725.46,487.6,134.08999999999992,50.64999999999998,1,1,1.0
141,3,208.37,253.15,95.63,44.650000000000006,1,1,1.0
141,4,0.0,348.14,262.75,191.86,1,1,1.0
141,6,153.39,279.56,134.54000000000002,57.70999999999998,1,1,1.0
141,7,738.08,223.7,103.63,66.97000000000003,1,1,1.0
141,8,735.19,482.64,132.5999999999999,55.120000000000005,1,1,1.0
142,3,208.37,253.15,95.63,44.650000000000006,1,1,1.0
142,4,0.0,351.72,240.2,188.27999999999997,1,1,1.0
142,6,135.81,280.75,135.93,58.110000000000014,1,1,1.0
142,7,730.24,223.8,104.80999999999995,67.75999999999999,1,1,1.0
142,8,744.92,477.68,131.12,59.589999999999975,1,1,1.0
143,3,208.37,253.15,95.63,44.650000000000006,1,1,1.0
143,4,0.0,355.3,217.65,184.7,1,1,1.0
143,6,118.23,281.94,137.32,58.50999999999999,1,1,1.0
143,7,722.39,223.9,106.00999999999999,68.55999999999997,1,1,1.0
143,8,754.65,472.71,129.63,64.06,1,1,1.0
144,3,208.37,253.15,95.63,44.650000000000006,1,1,1.0
144,4,0.0,358.88,195.1,181.12,1,1,1.0
144,6,100.65,283.13,138.71,58.89999999999998,1,1,1.0
144,7,714.54,224.0,107.20000000000005,69.35000000000002,1,1,1.0
144,8,764.38,467.75,128.14999999999998,68.52999999999997,1,1,1.0
145,3,208.37,253.15,95.63,44.650000000000006,1,1,1.0
145,4,0.0,362.46,172.55,177.54000000000002,1,1,1.0
145,6,83.07,284.33,140.1,59.29000000000002,1,1,1.0
145,7,706.7,224.1,108.38,70.14000000000001,1,1,1.0
145,8,774.11,462.79,126.65999999999997,72.98999999999995,1,1,1.0
146,3,208.37,253.15,95.63,44.650000000000006,1,1,1.0
146,4,0.0,366.04,150.0,173.95999999999998,1,1,1.0
146,6,65.49,285.52,141.49,59.69,1,1,1.0
146,7,698.85,224.2,109.56999999999994,70.94,1,1,1.0
146,8,783.84,457.83,125.16999999999996,77.45999999999998,1,1,1.0
147,3,208.37,253.15,95.63,44.650000000000006,1,1,1.0
147,4,0.0,369.62,127.45,170.38,1,1,1.0
147,6,47.91,286.71,142.88,60.09000000000003,1,1,1.0
147,7,691.0,224.3,110.75999999999999,71.72999999999996,1,1,1.0
147,8,793.57,452.86,123.68999999999994,81.92999999999995,1,1,1.0
148,3,208.37,253.15,95.63,44.650000000000006,1,1,1.0
148,6,30.33,287.9,144.26999999999998,60.49000000000001,1,1,1.0
148,7,683.16,224.4,111.94000000000005,72.53,1,1,1.0
148,8,803.3,447.9,122.20000000000005,86.39999999999998,1,1,1.0
149,3,208.37,253.15,95.63,44.650000000000006,1,1,1.0
149,6,8.4,288.66,149.01999999999998,60.48999999999995,1,1,1.0
149,7,674.08,225.25,112.50999999999999,72.52999999999997,1,1,1.0
149,8,811.67,443.5,118.75999999999999,86.39999999999998,1,1,1.0
150,3,208.37,253.15,95.63,44.650000000000006,1,1,1.0
150,6,0.0,289.42,133.29,60.49000000000001,1,1,1.0
150,7,665.0,226.1,113.07000000000005,72.53,1,1,1.0
150,8,820.04,439.1,115.32000000000005,86.39999999999998,1,1,1.0
151,3,208.37,253.15,95.63,44.650000000000006,1,1,1.0
151,6,0.0,290.19,118.43,60.49000000000001,1,1,1.0
151,7,655.92,226.95,113.63999999999999,72.53000000000003,1,1,1.0
151,8,828.41,434.71,111.88,86.39000000000004,1,1,1.0
152,3,208.37,253.15,95.63,44.650000000000006,1,1,1.0
152,6,0.0,290.95,103.56,60.49000000000001,1,1,1.0
152,7,646.84,227.81,114.19999999999993,72.51999999999998,1,1,1.0
152,8,836.79,430.31,108.42000000000007,86.40000000000003,1,1,1.0
153,3,208.37,253.15,95.63,44.650000000000006,1,1,1.0
153,6,0.0,291.71,88.7,60.49000000000001,1,1,1.0
153,7,637.75,228.66,114.77999999999997,72.52000000000001,1,1,1.0
153,8,845.16,425.91,104.98000000000002,86.39999999999992,1,1,1.0
154,3,208.37,253.15,95.63,44.650000000000006,1,1,1.0
154,6,0.0,292.87,65.3,60.49000000000001,1,1,1.0
154,7,628.67,229.51,115.34000000000003,72.51999999999998,1,1,1.0
154,8,853.53,421.51,101.54000000000008,86.40000000000003,1,1,1.0
155,3,208.37,253.15,95.63,44.650000000000006,1,1,1.0
155,7,619.59,230.36,115.90999999999997,72.51999999999998,1,1,1.0
155,8,861.9,417.11,98.10000000000002,86.39999999999998,1,1,1.0
156,3,208.37,253.15,95.63,44.650000000000006,1,1,1.0
156,7,613.63,230.36,111.90999999999997,72.51999999999998,1,1,1.0
156,8,867.36,415.11,92.63999999999999,83.93,1,1,1.0
157,3,208.37,253.15,95.63,44.650000000000006,1,1,1.0
157,7,597.74,229.37,123.86000000000001,72.51999999999998,1,1,1.0
157,8,872.83,413.1,87.16999999999996,81.46999999999997,1,1,1.0
158,3,208.37,253.15,95.63,44.650000000000006,1,1,1.0
158,7,588.62,229.86,123.14999999999998,72.52999999999997,1,1,1.0
158,8,878.69,410.12,81.30999999999995,80.68,1,1,1.0
159,3,208.37,253.15,95.63,44.650000000000006,1,1,1.0
159,7,579.5,230.36,122.44000000000005,72.51999999999998,1,1,1.0
159,8,884.54,407.14,75.46000000000004,79.88,1,1,1.0
160,3,208.37,253.15,95.63,44.650000000000006,1,1,1.0
160,7,568.5,230.86,123.61000000000001,72.51999999999998,1,1,1.0
160,8,890.4,404.16,69.60000000000002,79.08999999999997,1,1,1.0
161,3,208.37,253.15,95.63,44.650000000000006,1,1,1.0
161,7,557.5,231.35,124.77999999999997,72.53,1,1,1.0
161,8,896.26,401.18,63.74000000000001,78.30000000000001,1,1,1.0
162,3,208.37,253.15,95.63,44.650000000000006,1,1,1.0
162,7,546.5,231.85,125.95000000000005,72.52000000000001,1,1,1.0
162,8,902.12,398.2,57.879999999999995,77.5,1,1,1.0
163,3,208.37,253.15,95.63,44.650000000000006,1,1,1.0
163,7,535.5,232.35,127.12,72.52000000000001,1,1,1.0
163,8,907.98,395.22,52.01999999999998,76.70999999999998,1,1,1.0
164,3,208.37,253.15,95.63,44.650000000000006,1,1,1.0
164,7,524.5,232.84,128.28999999999996,72.53,1,1,1.0
164,8,913.84,392.24,46.15999999999997,75.90999999999997,1,1,1.0
165,3,208.37,253.15,95.63,44.650000000000006,1,1,1.0
165,7,513.5,233.34,129.47000000000003,72.52000000000001,1,1,1.0
165,8,919.7,389.26,40.299999999999955,75.12,1,1,1.0
166,3,208.37,253.15,95.63,44.650000000000006,1,1,1.0
166,7,502.5,233.84,130.64,72.52000000000001,1,1,1.0
166,8,925.56,386.28,34.440000000000055,74.32000000000005,1,1,1.0
167,3,208.37,253.15,95.63,44.650000000000006,1,1,1.0
167,7,491.5,234.33,131.80999999999995,72.53,1,1,1.0
168,3,208.37,253.15,95.63,44.650000000000006,1,1,1.0
168,7,480.34,234.72,132.26000000000005,72.86999999999998,1,1,1.0
169,3,208.37,253.15,95.63,44.650000000000006,1,1,1.0
169,7,469.19,235.11,132.7,73.21999999999997,1,1,1.0
170,3,208.37,253.15,95.63,44.650000000000006,1,1,1.0
170,7,458.03,235.5,133.14999999999998,73.56,1,1,1.0
171,3,208.37,253.15,95.63,44.650000000000006,1,1,1.0
171,7,446.87,235.89,133.60000000000002,73.90000000000003,1,1,1.0
172,3,208.37,253.15,95.63,44.650000000000006,1,1,1.0
172,7,435.71,236.28,134.05,74.24999999999997,1,1,1.0
173,3,208.37,253.15,95.63,44.650000000000006,1,1,1.0
173,7,424.56,236.67,134.48999999999995,74.59,1,1,1.0
174,3,208.37,253.15,95.63,44.650000000000006,1,1,1.0
174,7,413.4,237.06,134.94000000000005,74.94,1,1,1.0
175,3,208.37,253.15,95.63,44.650000000000006,1,1,1.0
175,7,401.73,237.45,135.89999999999998,75.28000000000003,1,1,1.0
176,3,208.37,253.15,95.63,44.650000000000006,1,1,1.0
176,7,390.07,237.84,136.85999999999996,75.63000000000002,1,1,1.0
177,3,208.37,253.15,95.63,44.650000000000006,1,1,1.0
177,7,378.4,238.23,137.82000000000005,75.97,1,1,1.0
178,3,208.37,253.15,95.63,44.650000000000006,1,1,1.0
178,7,366.73,238.62,138.77999999999997,76.31,1,1,1.0
179,3,208.37,253.15,95.63,44.650000000000006,1,1,1.0
179,7,355.07,239.01,139.73000000000002,76.66000000000003,1,1,1.0
180,3,208.37,253.15,95.63,44.650000000000006,1,1,1.0
180,7,343.4,239.4,140.69,76.99999999999997,1,1,1.0
181,3,208.37,253.15,95.63,44.650000000000006,1,1,1.0
181,7,331.69,239.79,141.69,77.35,1,1,1.0
182,3,208.37,253.15,95.63,44.650000000000006,1,1,1.0
182,7,319.98,240.18,142.69,77.69,1,1,1.0
183,3,208.37,253.15,95.63,44.650000000000006,1,1,1.0
183,7,308.27,240.57,143.69,78.03000000000003,1,1,1.0
184,3,208.37,253.15,95.63,44.650000000000006,1,1,1.0
184,7,296.56,240.96,144.69,78.37999999999997,1,1,1.0
185,3,208.37,253.15,95.63,44.650000000000006,1,1,1.0
185,7,284.85,241.35,145.69,78.72,1,1,1.0
186,3,208.37,253.15,95.63,44.650000000000006,1,1,1.0
186,7,273.14,241.74,146.7,79.07,1,1,1.0
187,3,208.37,253.15,95.63,44.650000000000006,1,1,1.0
187,7,261.43,242.13,147.7,79.41000000000003,1,1,1.0
188,3,208.37,253.15,95.63,44.650000000000006,1,1,1.0
188,7,249.72,242.52,148.70000000000002,79.74999999999997,1,1,1.0
189,3,208.37,253.15,95.63,44.650000000000006,1,1,1.0
189,7,238.01,242.91,149.7,80.1,1,1,1.0
190,3,208.37,253.15,95.63,44.650000000000006,1,1,1.0
190,7,226.3,243.3,150.7,80.44,1,1,1.0
